Enter target image: 
Reading IDB/Walk_045.ppm...
Read IDB/Walk_045.ppm Successfully.
Created an image from IDB/Walk_045.ppm with size 192x144
Reading IDB/Walk_043.ppm...
Read IDB/Walk_043.ppm Successfully.
Created an image from IDB/Walk_043.ppm with size 192x144
Created an empty image with size 192x144
Writing the Image buffer into output.ppm...
Wrote into output.ppm Successfully.
x y total min 0, 136, 7816.000000, 29.000000
block
(10,23,40) (181,194,213) (175,190,211) (177,195,215) (144,167,183) (158,186,197) (233,255,255) (215,250,246) 
(12,22,23) (89,99,101) (183,196,204) (169,185,198) (172,191,206) (138,164,179) (150,178,192) (207,237,248) 
(22,19,40) (51,52,73) (118,123,142) (186,195,210) (185,202,210) (171,195,197) (113,142,137) (182,214,203) 
(29,26,19) (130,129,124) (39,41,38) (144,152,155) (177,190,198) (175,193,205) (170,191,208) (141,167,184) 
(39,37,38) (191,189,190) (126,127,129) (49,54,57) (146,157,161) (184,198,207) (176,194,206) (156,175,190) 
(22,23,41) (187,190,205) (177,181,192) (108,115,121) (26,37,39) (148,162,163) (165,180,183) (194,211,218) 
(19,31,27) (146,159,152) (190,201,197) (175,187,185) (97,108,114) (27,39,55) (155,165,190) (175,184,217) 
(14,26,50) (165,176,196) (154,166,180) (173,186,194) (181,195,198) (89,100,104) (31,42,48) (156,166,176) 

temp
(175,197,211) (143,161,173) (171,190,196) (237,255,255) (227,253,242) (173,206,199) (171,203,202) (184,211,218) 
(163,179,192) (182,198,211) (138,155,163) (160,181,182) (209,234,230) (218,249,244) (125,155,155) (104,131,138) 
(197,207,217) (184,194,206) (181,195,204) (118,137,144) (191,212,217) (218,246,247) (189,217,218) (68,93,98) 
(139,146,154) (185,192,202) (179,189,201) (174,190,203) (143,161,173) (185,209,211) (183,207,209) (185,209,213) 
(43,48,52) (146,153,161) (189,197,208) (178,192,205) (156,172,188) (117,136,142) (168,187,191) (197,216,222) 
(101,109,111) (32,40,43) (147,156,165) (172,181,196) (193,204,222) (185,200,207) (140,158,160) (144,162,166) 
(173,183,182) (100,108,110) (30,39,46) (160,168,181) (178,186,205) (179,192,200) (176,190,193) (120,135,138) 
(188,200,196) (183,191,193) (95,102,108) (29,37,50) (164,172,191) (186,196,205) (170,184,187) (171,186,189) 

x y total min 8, 136, 2855.000000, 20.000000
block
(169,202,185) (179,211,198) (185,210,215) (205,226,245) (224,240,255) (242,255,255) (238,252,253) (233,249,236) 
(227,255,251) (125,152,147) (98,122,126) (157,177,188) (214,230,245) (234,248,255) (240,254,255) (244,255,252) 
(216,241,238) (199,219,220) (73,92,96) (128,146,150) (189,204,209) (218,229,235) (241,252,255) (247,255,255) 
(184,202,216) (196,213,221) (188,203,206) (185,200,197) (113,128,125) (206,218,218) (246,255,255) (239,247,255) 
(127,143,156) (170,185,192) (203,218,221) (201,216,213) (223,238,235) (193,207,208) (223,234,240) (234,244,255) 
(180,195,202) (137,152,157) (145,160,163) (167,183,183) (218,234,234) (240,255,255) (167,182,187) (242,255,255) 
(173,190,197) (175,193,193) (115,133,137) (143,162,168) (157,176,183) (226,245,251) (215,235,236) (187,209,207) 
(182,201,199) (174,194,192) (167,186,192) (159,179,190) (143,163,174) (190,213,221) (230,255,252) (179,204,198) 

temp
(205,227,241) (226,242,255) (243,255,255) (245,255,255) (241,247,243) (217,231,234) (198,212,215) (175,186,182) 
(147,169,182) (210,226,241) (231,245,254) (245,255,255) (243,254,250) (236,252,252) (216,232,231) (195,207,203) 
(125,145,156) (187,205,217) (214,228,237) (241,255,255) (241,253,251) (242,255,255) (230,249,245) (212,227,220) 
(180,200,209) (110,128,138) (198,215,222) (241,255,255) (235,250,253) (238,255,255) (238,255,253) (229,244,237) 
(201,220,227) (220,239,246) (179,198,204) (223,242,248) (225,244,250) (201,217,217) (234,249,246) (238,253,248) 
(164,183,189) (212,231,237) (240,255,255) (159,179,186) (238,255,255) (216,227,231) (243,251,254) (247,255,255) 
(144,162,166) (157,178,183) (219,242,248) (214,239,246) (181,206,213) (248,255,255) (211,211,219) (251,255,255) 
(159,177,179) (136,155,159) (194,217,223) (220,245,252) (184,211,220) (231,235,246) (245,243,254) (192,195,204) 

x y total min 16, 136, 4954.000000, 28.000000
block
(216,231,226) (197,212,209) (172,187,180) (140,153,143) (93,106,97) (59,69,70) (72,80,93) (163,169,191) 
(236,252,251) (216,232,231) (193,208,201) (175,188,178) (139,150,142) (88,97,94) (58,65,73) (107,110,125) 
(242,255,255) (230,248,248) (211,228,222) (198,211,202) (168,180,170) (132,139,132) (102,106,105) (57,58,62) 
(242,255,255) (239,255,255) (228,245,239) (216,229,220) (197,207,198) (175,180,173) (149,151,146) (89,90,85) 
(202,215,221) (231,245,246) (240,252,252) (217,228,222) (223,230,223) (202,207,201) (179,184,177) (139,142,135) 
(217,226,231) (240,248,251) (248,255,255) (249,255,255) (237,243,241) (218,224,222) (199,205,201) (176,182,178) 
(250,255,255) (208,209,214) (252,255,255) (241,244,249) (245,253,255) (239,247,250) (221,231,232) (205,215,214) 
(233,237,240) (243,242,247) (193,194,199) (252,255,255) (245,250,255) (248,255,255) (239,250,252) (222,236,236) 

temp
(143,150,142) (99,106,98) (47,58,54) (83,97,100) (150,167,175) (173,188,195) (135,150,155) (57,68,74) 
(177,187,178) (139,146,138) (86,96,88) (56,68,68) (99,112,118) (105,118,126) (80,90,99) (75,85,94) 
(200,212,202) (172,180,169) (151,158,150) (81,87,85) (73,78,81) (113,120,128) (113,120,130) (95,104,113) 
(217,230,220) (197,207,196) (177,183,173) (137,140,133) (96,98,95) (62,65,70) (121,125,134) (105,112,120) 
(216,229,220) (222,234,224) (201,209,198) (180,183,176) (141,140,135) (87,87,89) (65,66,70) (118,121,126) 
(247,255,255) (236,247,241) (217,227,219) (199,204,197) (180,181,173) (152,153,148) (85,87,84) (64,66,65) 
(237,247,249) (245,255,255) (238,249,245) (223,230,223) (210,213,206) (179,180,172) (154,155,147) (95,98,91) 
(248,255,255) (243,254,255) (248,255,255) (242,248,244) (231,234,227) (211,213,202) (186,188,177) (152,153,145) 

x y total min 24, 136, 6901.000000, 38.000000
block
(184,204,205) (125,145,143) (43,61,61) (245,255,255) (139,146,152) (120,123,128) (132,132,134) (92,91,89) 
(113,124,126) (76,90,90) (67,78,82) (65,76,82) (225,232,240) (205,210,216) (73,77,80) (163,167,168) 
(124,128,131) (115,120,124) (84,88,97) (69,76,86) (19,26,36) (234,241,251) (203,212,217) (69,79,81) 
(68,68,70) (124,123,129) (114,114,124) (92,94,107) (72,78,92) (34,42,53) (211,224,232) (196,209,215) 
(96,92,93) (64,59,65) (127,124,133) (130,130,142) (78,81,96) (83,91,102) (46,59,67) (145,160,165) 
(147,143,142) (94,90,91) (60,58,63) (117,115,126) (118,122,133) (92,100,111) (78,88,97) (48,61,67) 
(182,181,177) (153,149,146) (98,96,97) (62,63,68) (113,116,125) (129,136,146) (102,111,118) (78,89,93) 
(219,220,214) (183,182,177) (158,158,156) (97,98,102) (74,77,84) (103,110,118) (123,132,137) (114,125,129) 

temp
(248,255,255) (134,141,147) (131,136,142) (120,123,130) (92,92,100) (143,141,144) (125,123,124) (130,132,131) 
(63,72,79) (232,241,248) (189,198,205) (80,87,95) (159,166,174) (76,79,84) (78,83,86) (104,112,114) 
(61,71,80) (20,30,39) (238,251,255) (195,210,217) (58,73,80) (186,197,203) (243,255,255) (163,177,180) 
(89,98,105) (60,73,81) (22,39,47) (208,227,234) (205,225,232) (97,114,121) (82,99,106) (237,255,255) 
(123,131,134) (79,90,94) (74,89,94) (43,60,67) (142,161,167) (231,248,255) (136,153,160) (61,80,84) 
(116,122,122) (116,124,126) (90,101,103) (79,93,96) (45,60,65) (106,117,123) (238,251,255) (185,200,205) 
(62,64,59) (117,121,120) (129,135,135) (100,108,111) (80,88,91) (67,72,78) (44,49,55) (248,255,255) 
(94,97,90) (71,73,70) (109,113,114) (131,135,138) (115,119,122) (82,83,87) (90,93,98) (16,21,25) 

x y total min 32, 136, 7496.000000, 46.000000
block
(143,144,149) (120,125,131) (137,145,148) (107,118,120) (104,118,118) (104,119,116) (124,134,133) (105,114,113) 
(80,83,88) (72,77,83) (101,111,113) (144,155,157) (117,129,129) (97,107,106) (119,125,125) (107,108,110) 
(188,195,201) (243,250,255) (181,191,193) (127,137,139) (113,121,123) (114,118,119) (99,99,101) (119,114,118) 
(110,121,125) (89,98,103) (235,246,248) (204,214,216) (164,172,174) (115,116,118) (98,96,99) (131,122,127) 
(239,250,254) (146,157,161) (60,71,73) (186,197,199) (241,251,252) (197,201,202) (134,132,135) (131,125,129) 
(108,119,123) (235,246,250) (195,209,210) (83,97,98) (110,124,124) (215,225,224) (220,226,226) (191,192,194) 
(57,66,71) (44,55,59) (239,253,254) (217,235,235) (127,146,144) (64,80,77) (133,148,145) (230,240,239) 
(77,86,91) (77,88,92) (18,32,33) (229,247,247) (234,254,252) (189,210,205) (82,98,95) (103,118,115) 

temp
(130,136,134) (113,119,119) (117,123,123) (123,124,128) (112,111,116) (131,139,141) (116,131,128) (82,97,94) 
(146,156,155) (119,129,128) (105,114,113) (117,121,122) (105,105,107) (114,115,119) (91,97,97) (109,119,118) 
(143,159,159) (106,121,118) (115,126,122) (98,103,99) (107,107,105) (141,139,142) (116,114,117) (119,120,122) 
(195,213,213) (155,171,170) (114,125,121) (97,103,99) (113,114,109) (81,75,79) (105,99,103) (137,132,136) 
(176,196,197) (225,241,241) (194,206,204) (117,123,121) (123,125,122) (133,131,134) (138,133,137) (103,98,102) 
(86,101,104) (114,130,130) (203,215,215) (219,227,229) (184,188,189) (128,132,135) (91,92,94) (124,124,126) 
(215,226,230) (136,150,151) (76,87,89) (143,150,156) (236,241,247) (221,233,233) (168,178,177) (123,127,128) 
(240,249,254) (245,255,255) (191,202,208) (88,95,103) (110,117,125) (153,169,169) (235,251,248) (213,222,221) 

x y total min 40, 136, 2077.000000, 38.000000
block
(125,134,133) (125,136,132) (78,90,86) (60,73,66) (91,102,96) (191,193,188) (97,94,89) (165,156,151) 
(105,109,110) (98,104,104) (102,111,110) (124,135,131) (110,121,117) (121,130,125) (153,158,152) (134,135,130) 
(134,132,137) (122,121,126) (110,114,117) (83,92,91) (107,119,117) (127,139,137) (146,158,156) (125,137,133) 
(75,70,76) (107,105,110) (131,130,135) (99,104,107) (126,136,137) (97,111,111) (107,126,124) (169,190,185) 
(139,137,140) (129,127,130) (93,92,97) (96,97,101) (132,137,140) (111,121,122) (141,155,155) (125,144,142) 
(125,130,126) (92,97,93) (131,131,129) (118,118,118) (114,114,116) (98,99,101) (140,145,148) (123,131,133) 
(222,233,225) (170,180,171) (123,125,120) (121,117,116) (105,99,101) (131,125,127) (116,111,115) (130,128,131) 
(153,171,159) (238,252,239) (210,215,208) (173,169,166) (132,122,123) (141,129,133) (123,112,116) (123,114,119) 

temp
(52,69,63) (91,103,99) (187,193,189) (104,103,101) (163,158,155) (160,170,146) (202,218,191) (81,96,77) 
(113,125,121) (101,113,109) (124,133,128) (150,155,151) (130,131,126) (114,112,97) (137,135,120) (125,126,118) 
(77,83,81) (122,131,128) (122,133,127) (144,155,149) (131,142,134) (76,65,61) (171,157,154) (85,77,75) 
(101,103,102) (126,132,130) (104,115,109) (106,121,114) (171,188,178) (112,108,107) (132,126,128) (208,206,207) 
(97,95,96) (121,125,124) (107,116,111) (149,162,155) (111,127,117) (198,207,206) (100,108,110) (127,137,138) 
(120,118,119) (121,119,120) (96,98,95) (131,137,133) (132,142,134) (107,118,120) (200,214,215) (93,107,107) 
(119,119,119) (107,103,104) (133,129,128) (121,120,118) (130,131,126) (82,86,89) (132,137,141) (111,121,122) 
(170,170,170) (125,119,121) (142,133,134) (126,120,120) (114,110,107) (113,108,114) (126,124,129) (149,150,152) 

x y total min 48, 136, 6530.000000, 62.000000
block
(152,163,147) (197,211,196) (86,98,84) (97,103,91) (126,127,119) (55,52,45) (255,248,245) (71,61,59) 
(112,109,100) (134,132,120) (110,110,100) (135,136,128) (107,110,103) (89,96,89) (82,91,86) (217,226,221) 
(67,60,52) (169,159,149) (73,66,58) (110,110,102) (135,140,134) (105,117,113) (124,140,137) (216,235,233) 
(112,115,106) (121,119,107) (218,218,208) (94,97,90) (97,102,98) (117,126,125) (159,169,171) (105,116,118) 
(197,214,204) (89,105,94) (124,137,128) (158,167,162) (111,115,114) (183,183,185) (167,162,169) (146,141,148) 
(103,124,117) (195,218,212) (97,116,112) (78,90,88) (114,118,119) (180,178,181) (203,194,199) (155,142,151) 
(82,93,95) (120,135,138) (106,120,121) (183,193,195) (73,79,79) (118,120,119) (112,112,112) (131,129,130) 
(106,109,118) (116,123,131) (148,155,161) (147,155,158) (199,207,209) (63,72,69) (121,127,123) (124,131,124) 

temp
(101,112,104) (129,133,132) (58,54,53) (255,247,245) (102,87,80) (234,215,208) (64,52,40) (112,111,93) 
(127,132,128) (103,109,107) (83,90,83) (94,100,88) (208,215,199) (227,244,202) (228,228,204) (112,107,104) 
(105,107,106) (138,147,142) (104,117,107) (115,134,115) (221,240,218) (62,63,83) (127,136,151) (56,76,65) 
(105,109,108) (91,100,95) (119,131,121) (164,177,160) (85,98,78) (255,252,255) (29,27,30) (70,80,72) 
(159,169,168) (112,121,118) (174,179,172) (160,162,151) (157,155,142) (31,26,0) (187,164,146) (104,79,75) 
(79,91,89) (111,122,116) (165,170,164) (203,200,195) (168,161,155) (158,138,147) (28,13,16) (131,125,111) 
(182,194,190) (59,72,65) (102,111,106) (118,123,119) (134,136,133) (47,47,59) (86,104,104) (34,60,49) 
(151,160,157) (192,204,200) (48,63,58) (113,125,121) (116,128,126) (55,95,87) (43,73,73) (73,95,92) 

x y total min 56, 136, 5750.000000, 89.000000
block
(214,203,197) (51,40,36) (130,125,122) (120,118,119) (94,93,91) (108,103,97) (90,82,69) (102,91,71) 
(237,241,227) (232,235,216) (106,114,93) (53,62,43) (110,119,98) (102,107,85) (132,134,112) (178,176,153) 
(50,61,63) (125,135,136) (73,84,80) (86,97,89) (99,109,100) (89,94,88) (92,92,92) (55,53,58) 
(245,253,255) (17,26,23) (81,89,78) (110,117,101) (96,100,85) (43,43,33) (67,63,60) (45,40,44) 
(19,22,5) (173,176,149) (89,90,59) (78,78,42) (151,151,113) (133,130,95) (114,111,80) (68,67,36) 
(153,149,140) (24,22,10) (128,124,115) (78,71,63) (93,86,76) (164,161,144) (218,220,196) (124,129,97) 
(47,47,47) (94,93,99) (53,49,64) (78,70,93) (104,100,117) (74,78,81) (142,155,138) (147,166,136) 
(76,82,68) (53,58,51) (89,90,95) (102,101,115) (71,74,83) (167,180,170) (0,15,0) (146,181,123) 

temp
(117,118,104) (100,103,96) (96,102,102) (91,95,98) (88,83,89) (151,144,134) (113,107,93) (125,118,102) 
(67,84,78) (89,115,88) (109,113,78) (138,128,93) (185,185,157) (206,209,192) (58,60,47) (97,99,85) 
(95,109,86) (101,109,86) (86,93,75) (94,95,79) (65,49,36) (251,254,245) (177,189,177) (74,87,70) 
(111,111,109) (105,100,104) (36,38,35) (66,67,49) (47,34,2) (5,11,0) (13,26,16) (12,29,11) 
(76,79,62) (147,162,123) (133,130,85) (111,97,60) (74,73,45) (252,255,246) (224,232,219) (188,202,179) 
(80,80,54) (78,79,48) (156,156,130) (231,226,206) (115,102,86) (218,208,198) (129,123,107) (164,167,138) 
(65,74,71) (117,112,118) (91,92,87) (149,148,118) (205,183,133) (255,249,227) (211,190,171) (221,210,180) 
(73,108,78) (52,86,26) (192,195,126) (57,37,0) (179,159,109) (225,193,172) (218,190,169) (249,233,199) 

x y total min 64, 136, 6378.000000, 60.000000
block
(134,137,120) (97,102,82) (116,114,89) (214,207,178) (82,70,44) (84,72,58) (59,49,48) (169,162,170) 
(201,196,177) (52,47,28) (93,88,66) (104,103,75) (92,88,63) (51,46,26) (61,53,40) (135,126,119) 
(255,249,240) (195,186,169) (85,84,66) (79,88,69) (81,93,71) (92,102,78) (87,87,63) (123,117,93) 
(24,11,3) (30,22,11) (17,27,16) (84,108,94) (66,95,77) (73,96,76) (106,118,94) (145,145,119) 
(255,255,239) (231,231,221) (182,198,185) (34,65,50) (50,87,70) (130,159,141) (106,120,103) (62,67,47) 
(216,214,191) (133,135,113) (150,162,138) (133,156,128) (219,245,220) (88,105,86) (160,166,154) (102,99,94) 
(255,255,225) (198,194,156) (217,218,174) (212,215,168) (97,99,59) (135,131,104) (168,158,148) (165,146,148) 
(192,194,145) (202,194,145) (242,236,178) (255,252,193) (246,234,184) (156,137,105) (230,206,194) (255,242,246) 

temp
(215,208,192) (78,70,57) (80,72,61) (58,49,42) (169,162,156) (32,20,44) (17,3,29) (255,240,255) 
(108,109,91) (90,88,73) (49,47,34) (58,56,44) (132,129,120) (55,53,67) (205,202,219) (197,194,203) 
(81,93,71) (81,90,69) (92,100,79) (82,86,69) (115,117,104) (223,231,233) (249,255,255) (188,191,198) 
(87,105,79) (76,92,65) (82,95,69) (111,119,98) (145,148,131) (141,148,141) (69,75,73) (80,81,85) 
(43,60,28) (62,79,43) (156,170,137) (103,108,85) (64,65,47) (80,81,73) (76,75,71) (118,113,117) 
(134,144,107) (212,225,182) (82,92,57) (182,184,160) (125,122,105) (227,224,215) (228,225,220) (125,120,117) 
(217,218,174) (88,94,48) (124,128,91) (163,159,134) (153,143,131) (163,164,158) (252,253,247) (232,232,224) 
(255,255,211) (229,228,182) (135,135,97) (209,203,179) (255,252,241) (118,120,115) (216,223,216) (190,193,182) 

x y total min 72, 136, 13718.000000, 106.000000
block
(24,10,25) (22,2,13) (255,240,243) (254,231,225) (124,104,95) (68,55,49) (22,20,21) (159,164,170) 
(68,65,58) (207,203,202) (195,183,195) (136,121,142) (84,70,93) (41,34,50) (160,166,166) (173,186,177) 
(215,220,216) (249,255,255) (200,200,210) (28,26,39) (18,16,30) (252,254,255) (96,105,112) (240,255,255) 
(155,157,169) (75,78,93) (70,72,71) (89,91,78) (255,255,241) (248,251,244) (231,234,243) (107,112,132) 
(68,66,69) (86,81,87) (98,93,89) (150,146,134) (99,95,83) (255,255,246) (255,254,255) (88,87,95) 
(227,219,208) (230,221,212) (123,113,114) (114,104,113) (172,164,175) (170,165,171) (82,82,74) (215,217,203) 
(177,162,165) (255,247,251) (248,238,246) (254,248,255) (175,174,182) (103,106,111) (162,168,168) (192,198,196) 
(138,119,147) (217,204,230) (213,208,214) (18,21,12) (15,23,10) (12,23,17) (6,19,28) (0,6,31) 

temp
(255,244,245) (121,103,99) (67,52,49) (33,21,25) (176,164,176) (209,210,215) (248,255,255) (241,255,254) 
(117,111,115) (79,74,71) (29,26,21) (161,160,156) (181,183,180) (126,126,134) (244,251,255) (237,249,249) 
(45,46,51) (22,23,25) (245,250,244) (104,112,99) (248,255,244) (137,140,149) (169,175,187) (247,255,255) 
(67,66,74) (251,250,255) (249,251,248) (232,238,228) (110,122,102) (233,241,252) (91,104,120) (226,245,249) 
(144,137,144) (96,86,94) (255,253,255) (255,255,251) (126,127,121) (230,242,254) (123,145,156) (136,166,164) 
(109,99,100) (169,158,162) (190,180,188) (79,71,82) (200,194,208) (102,114,126) (238,255,255) (103,133,125) 
(255,255,246) (190,186,183) (103,97,107) (169,165,188) (193,190,221) (161,169,182) (138,154,153) (150,170,158) 
(13,15,1) (19,20,12) (3,3,11) (11,11,39) (20,22,63) (0,0,18) (10,19,16) (25,39,24) 

x y total min 80, 136, 2203.000000, 36.000000
block
(203,213,214) (247,255,253) (248,255,248) (220,230,219) (236,240,239) (255,254,255) (255,246,251) (255,248,246) 
(130,125,131) (255,244,252) (252,248,249) (229,229,229) (246,250,251) (245,249,250) (250,252,251) (254,255,251) 
(149,130,150) (192,167,189) (255,238,255) (255,251,255) (250,251,255) (251,255,255) (246,255,250) (244,253,248) 
(255,240,255) (112,93,121) (252,239,255) (255,251,255) (252,255,255) (249,251,248) (251,252,247) (254,250,251) 
(245,243,255) (121,121,147) (162,165,196) (240,248,255) (243,251,254) (251,252,246) (255,249,247) (255,245,255) 
(111,121,122) (242,255,255) (107,124,154) (223,244,255) (234,252,252) (246,254,239) (255,250,247) (255,244,255) 
(141,153,151) (134,150,163) (136,157,184) (82,111,129) (220,251,245) (231,255,233) (243,253,242) (254,248,255) 
(5,15,17) (10,22,34) (2,22,49) (0,25,43) (0,33,22) (1,34,7) (7,28,13) (11,19,30) 

temp
(218,235,227) (233,239,235) (255,255,253) (247,249,248) (247,255,253) (252,254,241) (252,249,240) (228,222,222) 
(224,235,231) (252,252,250) (250,241,242) (255,253,252) (253,255,254) (255,255,248) (248,245,240) (255,250,252) 
(248,255,255) (253,252,250) (255,252,251) (255,251,251) (248,248,248) (255,255,251) (255,254,253) (255,250,255) 
(244,255,255) (250,255,250) (255,253,248) (249,248,244) (251,255,254) (247,249,248) (250,248,251) (253,248,255) 
(238,255,253) (244,255,245) (249,255,245) (248,253,247) (243,254,250) (249,253,254) (252,251,255) (253,251,255) 
(227,254,235) (243,255,238) (249,253,239) (250,251,246) (244,253,252) (247,251,252) (250,250,252) (251,249,252) 
(101,118,99) (247,250,231) (255,247,236) (255,245,244) (252,247,251) (250,251,253) (250,252,251) (251,251,249) 
(0,5,0) (23,18,0) (31,14,6) (32,13,15) (30,14,24) (20,20,22) (19,21,18) (20,21,16) 

x y total min 88, 136, 4177.000000, 20.000000
block
(255,254,242) (252,249,240) (230,220,219) (134,121,130) (166,152,167) (143,135,150) (149,149,161) (139,146,154) 
(254,255,246) (246,246,238) (255,249,249) (135,123,133) (146,135,151) (237,233,248) (141,143,156) (120,130,140) 
(251,255,250) (254,255,251) (253,251,254) (246,238,249) (98,91,107) (250,249,255) (110,116,132) (164,178,191) 
(248,252,251) (246,250,249) (249,248,253) (244,238,248) (151,147,161) (155,157,172) (176,185,202) (129,145,161) 
(251,252,254) (249,253,252) (252,252,254) (253,250,255) (240,238,249) (99,102,117) (129,141,157) (116,131,150) 
(250,249,254) (247,251,250) (251,249,250) (253,249,250) (245,242,249) (164,166,178) (135,144,159) (115,131,147) 
(250,251,253) (250,252,247) (254,250,247) (255,250,247) (252,246,248) (254,254,255) (100,108,121) (128,141,157) 
(17,21,22) (20,21,15) (23,20,15) (26,18,15) (22,16,16) (20,19,25) (6,12,24) (17,29,45) 

temp
(130,122,133) (160,153,171) (135,132,153) (143,144,164) (143,148,167) (124,132,151) (119,130,148) (114,125,143) 
(132,124,137) (142,135,153) (229,225,248) (135,137,158) (130,137,156) (135,144,161) (131,143,159) (127,139,155) 
(243,237,249) (92,88,105) (254,252,255) (122,124,147) (148,154,176) (135,147,163) (131,143,159) (129,141,157) 
(245,239,251) (156,152,169) (147,145,166) (166,171,191) (148,156,179) (135,147,163) (128,140,154) (127,139,153) 
(253,250,255) (240,238,251) (99,101,116) (131,136,155) (119,127,146) (131,143,159) (131,143,157) (128,140,154) 
(251,249,252) (248,249,254) (165,168,177) (134,142,155) (119,131,147) (128,140,154) (127,139,151) (128,140,152) 
(251,251,249) (251,253,252) (251,255,255) (100,109,118) (130,142,154) (125,137,149) (122,134,146) (128,140,152) 
(20,21,15) (17,19,16) (17,23,23) (6,15,20) (16,29,38) (4,17,26) (0,13,22) (10,23,32) 

x y total min 96, 136, 88.000000, 6.000000
block
(120,131,149) (120,131,153) (113,124,144) (126,137,157) (126,137,155) (122,133,151) (121,132,150) (116,127,145) 
(131,143,157) (132,144,160) (126,137,155) (127,138,156) (121,132,152) (124,135,155) (117,128,148) (120,131,151) 
(133,145,157) (132,144,156) (129,141,155) (122,134,150) (129,140,158) (125,136,158) (126,137,159) (122,132,157) 
(132,146,155) (128,141,150) (127,139,151) (120,132,146) (133,144,162) (118,129,149) (131,141,166) (116,126,153) 
(130,144,153) (131,144,152) (128,141,150) (119,131,145) (122,134,150) (119,130,150) (130,141,163) (121,131,156) 
(127,141,152) (127,140,149) (128,140,152) (121,133,147) (119,131,147) (127,139,155) (124,135,153) (125,136,154) 
(125,137,151) (122,134,148) (128,140,154) (123,135,149) (116,128,142) (122,134,148) (116,128,142) (115,127,141) 
(4,16,32) (0,12,28) (10,22,36) (5,17,31) (10,22,34) (8,20,32) (9,22,31) (0,12,21) 

temp
(125,136,154) (129,140,158) (127,138,156) (121,132,150) (117,128,146) (133,146,165) (128,143,164) (130,145,164) 
(126,138,154) (123,135,151) (119,131,147) (118,130,146) (114,126,142) (143,156,175) (130,145,166) (129,144,163) 
(122,134,150) (127,139,155) (121,133,149) (126,138,154) (120,132,148) (135,148,167) (134,149,170) (127,142,161) 
(119,131,145) (128,140,154) (121,133,147) (129,141,155) (123,135,149) (132,145,164) (126,138,160) (134,147,166) 
(119,131,145) (114,126,140) (120,132,146) (128,140,154) (126,138,152) (131,144,163) (131,143,165) (128,141,160) 
(121,133,145) (121,133,145) (131,143,155) (121,133,145) (124,136,148) (128,139,159) (132,143,165) (118,129,149) 
(123,135,147) (114,126,138) (121,133,145) (116,128,140) (118,130,142) (117,128,148) (129,140,162) (130,141,161) 
(5,18,27) (8,21,30) (6,19,28) (9,22,31) (3,16,25) (5,13,34) (3,11,34) (8,16,37) 

x y total min 104, 136, 87.000000, 4.000000
block
(133,146,163) (130,143,159) (132,145,161) (129,143,156) (129,143,156) (119,133,144) (116,130,141) (119,133,142) 
(143,156,173) (132,145,161) (131,144,160) (128,142,155) (126,140,153) (117,131,142) (117,131,142) (123,137,146) 
(135,148,167) (136,149,165) (129,142,158) (128,142,155) (116,130,143) (114,128,139) (118,132,143) (121,135,144) 
(133,144,164) (127,139,155) (135,147,163) (131,143,157) (128,140,154) (116,128,140) (111,123,135) (115,128,137) 
(136,144,165) (134,143,160) (130,139,156) (128,137,152) (118,127,142) (111,121,133) (114,124,136) (114,124,134) 
(131,139,158) (133,142,159) (119,128,145) (116,125,140) (124,133,148) (115,125,137) (112,122,134) (111,121,131) 
(122,129,147) (132,139,157) (132,139,157) (131,138,154) (131,138,154) (109,117,130) (114,122,135) (117,125,136) 
(8,15,33) (4,11,29) (7,14,32) (12,19,35) (7,14,30) (9,17,30) (12,20,33) (10,18,29) 

temp
(127,142,161) (130,146,162) (118,134,149) (114,130,145) (115,131,146) (120,133,142) (120,133,142) (118,130,142) 
(126,141,160) (124,140,156) (112,128,143) (116,132,147) (124,140,155) (126,138,150) (123,136,145) (120,132,144) 
(126,141,160) (113,129,145) (116,132,147) (114,130,145) (116,132,147) (126,138,150) (122,134,146) (119,131,143) 
(130,143,162) (128,141,158) (110,123,139) (112,125,141) (116,129,145) (115,127,141) (116,128,142) (117,129,143) 
(124,137,156) (117,130,147) (107,120,136) (111,124,140) (112,125,141) (106,118,134) (108,120,136) (121,133,147) 
(114,125,145) (122,133,151) (112,124,140) (112,124,140) (109,121,137) (118,129,147) (109,121,137) (110,122,138) 
(127,138,158) (125,136,154) (110,122,138) (110,122,138) (113,125,141) (111,122,140) (103,114,132) (118,130,146) 
(10,18,39) (11,19,38) (5,14,31) (11,20,37) (10,19,36) (8,19,39) (3,14,32) (5,17,33) 

x y total min 112, 136, 47.000000, 4.000000
block
(116,131,138) (120,135,142) (120,135,142) (109,123,132) (98,112,123) (115,129,142) (101,114,130) (103,116,133) 
(130,145,152) (119,134,141) (117,131,140) (121,135,144) (120,134,145) (115,129,142) (114,127,143) (112,125,141) 
(119,134,141) (126,140,149) (119,133,142) (116,130,141) (119,133,144) (114,128,141) (116,130,143) (110,124,137) 
(120,134,143) (110,124,133) (115,129,140) (119,133,144) (121,135,146) (118,132,143) (113,127,138) (116,130,141) 
(106,118,130) (107,121,132) (120,134,145) (117,131,142) (115,129,140) (115,129,140) (114,128,137) (101,115,124) 
(118,130,144) (108,122,135) (109,123,136) (110,124,135) (107,121,132) (110,124,133) (112,126,135) (102,117,124) 
(111,123,137) (102,115,131) (117,131,144) (109,123,134) (106,120,129) (107,121,130) (108,123,130) (96,111,118) 
(8,20,36) (2,15,31) (4,18,31) (8,22,33) (2,16,25) (5,20,27) (9,24,31) (0,15,20) 

temp
(111,123,135) (99,111,125) (116,128,144) (102,113,131) (104,115,135) (104,111,127) (112,120,133) (118,128,140) 
(121,133,147) (121,133,147) (116,128,144) (115,126,144) (113,124,142) (114,128,141) (106,120,131) (107,124,134) 
(119,131,145) (120,132,146) (115,127,143) (117,129,145) (111,122,140) (104,120,133) (115,133,143) (111,131,140) 
(118,130,144) (122,134,148) (119,131,145) (114,126,140) (117,129,143) (120,133,142) (113,126,135) (116,130,139) 
(118,130,144) (109,121,135) (116,128,142) (114,126,140) (107,119,131) (114,118,129) (112,114,126) (113,120,130) 
(111,123,137) (111,123,137) (113,125,137) (112,124,136) (100,113,122) (116,118,130) (108,108,120) (113,115,127) 
(110,122,136) (107,119,133) (107,119,131) (110,123,132) (96,109,118) (105,114,121) (111,120,127) (102,113,119) 
(9,21,37) (3,15,29) (3,15,27) (13,26,35) (1,14,22) (9,22,28) (10,25,30) (2,20,24) 

x y total min 120, 136, 69.000000, 11.000000
block
(102,109,125) (114,120,134) (119,125,139) (107,113,127) (105,111,125) (106,112,126) (100,106,120) (106,112,126) 
(112,122,134) (114,122,135) (109,117,130) (112,120,133) (107,115,128) (109,117,130) (102,110,123) (107,115,128) 
(114,126,138) (112,122,134) (125,135,147) (101,111,123) (120,130,142) (106,116,128) (94,104,116) (100,110,122) 
(111,125,134) (118,132,141) (111,125,134) (108,122,131) (106,120,129) (108,122,131) (85,99,108) (109,123,132) 
(109,124,131) (106,119,127) (108,121,129) (108,121,129) (99,112,120) (98,111,119) (101,114,122) (96,109,117) 
(109,119,128) (100,110,119) (109,119,128) (108,118,127) (104,114,123) (96,106,115) (96,106,115) (90,100,109) 
(106,117,123) (112,121,128) (102,111,118) (101,110,117) (102,111,118) (102,111,118) (94,103,110) (94,103,110) 
(10,19,26) (14,21,29) (9,16,24) (9,16,24) (17,24,32) (5,12,20) (10,17,25) (13,20,28) 

temp
(101,113,125) (107,117,129) (105,113,126) (106,109,124) (111,110,126) (96,103,113) (107,116,123) (115,124,131) 
(101,119,129) (97,115,125) (103,120,130) (95,107,119) (109,117,130) (112,121,130) (109,118,125) (104,113,120) 
(95,118,126) (107,130,138) (105,125,134) (86,103,113) (99,111,123) (98,108,117) (102,113,119) (103,114,120) 
(102,119,127) (111,128,136) (104,117,126) (95,103,114) (112,118,130) (102,113,119) (94,107,113) (93,104,110) 
(113,120,130) (101,108,118) (105,109,120) (110,110,122) (107,103,117) (95,106,112) (91,104,110) (95,108,114) 
(110,114,125) (106,110,121) (101,103,115) (105,101,115) (102,96,110) (82,93,99) (91,106,111) (91,104,110) 
(99,112,118) (99,110,116) (103,112,119) (96,100,109) (101,101,111) (93,106,112) (89,107,111) (85,100,105) 
(0,18,22) (8,26,30) (1,16,21) (7,18,24) (13,20,28) (8,23,28) (0,17,21) (5,20,25) 

x y total min 128, 136, 41.000000, 3.000000
block
(99,102,119) (113,114,132) (117,123,137) (108,116,127) (105,116,122) (99,114,117) (99,118,116) (96,117,112) 
(115,118,135) (112,115,132) (105,111,125) (102,111,120) (84,95,101) (91,105,108) (101,117,117) (87,106,104) 
(103,106,123) (106,109,124) (105,111,123) (99,108,117) (97,106,113) (95,106,110) (97,111,112) (92,108,108) 
(106,112,126) (102,106,118) (97,103,115) (104,111,121) (98,107,114) (99,108,113) (100,111,115) (88,99,103) 
(95,101,113) (98,102,114) (100,107,117) (102,109,119) (103,110,118) (98,107,114) (101,110,117) (96,105,112) 
(88,95,105) (95,102,112) (92,99,109) (91,98,108) (95,102,112) (94,101,111) (95,102,112) (94,101,111) 
(98,105,113) (95,102,110) (88,95,103) (91,95,104) (95,99,110) (98,102,113) (96,100,111) (100,102,114) 
(10,17,25) (8,15,23) (14,21,29) (12,16,25) (9,13,24) (15,17,29) (12,14,27) (17,19,32) 

temp
(107,116,123) (104,115,121) (101,112,118) (103,116,122) (101,114,120) (107,116,123) (107,116,123) (98,107,114) 
(102,111,118) (87,98,104) (95,106,112) (103,114,120) (89,100,106) (101,108,116) (103,110,118) (99,106,114) 
(97,108,114) (98,109,115) (96,107,113) (99,110,116) (94,105,111) (108,112,121) (106,109,118) (93,96,105) 
(99,110,116) (94,103,110) (97,106,113) (102,111,118) (91,100,107) (112,115,124) (111,111,121) (98,98,108) 
(100,111,117) (101,110,117) (99,106,114) (103,110,118) (97,104,112) (112,115,124) (112,112,122) (114,114,124) 
(87,98,104) (98,107,114) (93,100,108) (94,98,107) (97,101,110) (105,109,118) (107,111,120) (113,117,126) 
(87,98,104) (93,102,109) (97,101,110) (95,98,107) (100,103,112) (103,110,118) (103,110,118) (106,113,121) 
(9,20,26) (3,12,19) (16,20,29) (15,18,27) (18,18,28) (9,16,24) (8,17,24) (11,20,27) 

x y total min 136, 136, 128.000000, 12.000000
block
(106,120,121) (100,111,115) (94,103,108) (102,109,115) (101,106,112) (104,107,114) (100,100,108) (112,112,120) 
(99,113,116) (103,112,117) (98,107,112) (108,115,121) (96,101,107) (106,109,116) (110,110,118) (120,120,128) 
(103,112,119) (105,114,121) (92,99,107) (91,98,106) (95,99,108) (101,105,114) (112,115,124) (106,109,118) 
(101,108,116) (108,115,123) (93,100,108) (92,96,105) (106,110,119) (92,96,105) (100,104,113) (93,97,106) 
(107,111,122) (110,114,125) (107,111,122) (107,111,122) (97,101,112) (92,99,109) (89,96,106) (87,94,104) 
(102,104,117) (104,106,119) (109,111,124) (109,113,125) (87,93,105) (74,80,92) (64,72,83) (70,78,89) 
(106,105,119) (103,102,116) (107,109,122) (100,104,116) (74,80,92) (78,86,97) (83,91,102) (81,91,101) 
(17,16,30) (12,11,25) (18,20,33) (10,14,26) (11,17,29) (10,18,29) (7,17,27) (6,16,26) 

temp
(102,111,118) (97,106,113) (99,108,115) (93,102,109) (105,114,121) (120,120,132) (102,102,114) (100,104,115) 
(107,114,122) (93,100,108) (102,109,117) (104,111,119) (114,121,129) (109,111,123) (98,100,112) (93,102,111) 
(94,97,106) (95,98,107) (101,104,113) (111,114,123) (105,108,117) (94,98,107) (102,109,117) (86,97,103) 
(99,99,109) (108,108,118) (94,94,104) (102,102,112) (95,95,105) (95,99,108) (96,107,113) (88,101,107) 
(110,110,120) (104,104,114) (106,106,116) (104,104,114) (98,98,108) (91,98,104) (92,101,106) (92,103,107) 
(113,117,126) (96,100,109) (85,89,98) (76,80,89) (81,85,94) (85,92,98) (87,94,100) (87,96,101) 
(103,110,118) (73,80,88) (76,83,91) (80,87,95) (82,89,97) (94,99,105) (96,101,105) (97,102,106) 
(8,17,24) (14,23,30) (9,18,25) (6,15,22) (9,18,25) (8,13,19) (12,15,20) (12,17,21) 

x y total min 144, 136, 53.000000, 5.000000
block
(115,122,130) (97,108,114) (94,107,113) (100,118,122) (86,104,108) (93,108,113) (93,104,110) (100,109,116) 
(108,115,123) (93,104,110) (91,104,110) (98,113,118) (91,109,113) (96,111,116) (95,106,112) (100,109,116) 
(95,102,108) (100,109,114) (87,101,104) (94,109,112) (83,98,101) (89,103,106) (90,101,105) (99,108,113) 
(98,105,111) (94,103,108) (94,105,109) (96,110,113) (89,104,107) (93,107,110) (93,102,107) (99,106,112) 
(93,98,104) (94,102,105) (93,104,106) (88,102,103) (94,108,109) (91,102,104) (83,93,95) (105,110,114) 
(89,94,100) (89,97,100) (89,99,101) (86,97,99) (82,96,97) (83,94,96) (89,97,100) (86,91,95) 
(95,100,104) (98,103,106) (96,106,107) (92,104,104) (97,109,109) (79,89,90) (75,83,85) (86,90,93) 
(8,13,17) (10,15,18) (9,17,19) (5,17,17) (7,19,19) (6,16,17) (10,15,18) (14,18,21) 

temp
(102,112,121) (94,107,115) (94,104,113) (95,105,114) (99,108,117) (101,105,114) (102,106,115) (97,101,110) 
(97,110,118) (95,108,116) (93,106,114) (97,107,116) (102,111,120) (104,111,119) (103,107,116) (98,102,111) 
(94,109,114) (87,102,107) (87,102,107) (90,103,109) (96,107,113) (106,113,121) (105,112,120) (95,102,110) 
(96,111,116) (87,105,109) (89,104,109) (94,105,111) (100,109,116) (88,95,103) (99,106,114) (97,104,112) 
(88,102,105) (94,109,112) (89,103,106) (83,92,97) (106,111,117) (89,98,105) (90,99,106) (94,103,110) 
(84,95,99) (82,93,97) (82,89,95) (88,91,98) (87,87,95) (77,84,92) (83,92,99) (90,99,106) 
(93,101,104) (96,104,107) (84,87,92) (83,82,88) (91,86,93) (81,88,96) (89,100,106) (91,102,108) 
(9,14,18) (15,18,23) (13,12,18) (16,11,18) (25,15,24) (7,11,20) (12,23,29) (8,19,25) 

x y total min 152, 136, 62.000000, 5.000000
block
(98,108,117) (95,108,116) (89,104,111) (93,110,117) (92,107,114) (95,105,114) (98,105,115) (104,106,118) 
(100,107,117) (102,111,120) (98,108,117) (100,113,121) (93,106,114) (91,100,109) (103,110,120) (100,102,114) 
(110,110,122) (111,111,123) (99,103,114) (91,98,108) (81,90,99) (94,103,112) (104,111,121) (97,101,112) 
(99,96,107) (104,100,114) (98,98,110) (92,96,107) (74,83,92) (94,103,112) (93,100,110) (99,106,116) 
(98,96,107) (99,95,109) (95,97,109) (84,91,101) (90,99,108) (84,93,102) (82,89,99) (85,92,102) 
(82,85,94) (87,91,102) (88,95,105) (87,96,105) (78,88,97) (71,80,89) (89,96,106) (83,87,98) 
(82,91,98) (90,100,109) (86,99,107) (87,102,109) (89,102,110) (83,93,102) (81,88,98) (91,93,105) 
(5,16,22) (10,25,32) (0,17,24) (1,18,25) (9,24,31) (7,17,26) (7,14,24) (17,19,31) 

temp
(102,106,115) (99,103,112) (99,103,112) (100,104,113) (103,107,116) (92,103,109) (89,102,108) (92,105,111) 
(108,112,121) (99,103,112) (94,98,107) (105,109,118) (99,103,112) (92,103,109) (90,103,109) (93,106,112) 
(91,98,106) (82,89,97) (95,102,110) (104,111,119) (95,102,110) (95,106,112) (91,104,110) (90,103,109) 
(88,95,103) (75,82,90) (95,102,110) (93,100,108) (99,106,114) (87,98,104) (86,99,105) (89,102,108) 
(80,89,96) (88,97,104) (82,91,98) (79,88,95) (82,91,98) (86,97,103) (93,106,112) (87,100,106) 
(84,93,100) (80,89,96) (72,81,88) (89,98,105) (81,90,97) (81,94,100) (88,101,107) (86,99,105) 
(87,98,104) (93,104,110) (85,96,102) (81,92,98) (88,99,105) (83,96,102) (86,99,105) (88,101,107) 
(2,13,19) (13,24,30) (8,19,25) (6,17,23) (13,24,30) (2,15,21) (4,17,23) (9,22,28) 

x y total min 160, 136, 289.000000, 4.000000
block
(95,104,111) (93,104,110) (95,104,111) (92,101,108) (96,103,111) (85,92,100) (100,104,113) (118,122,131) 
(93,102,109) (92,103,109) (97,106,113) (95,104,111) (97,104,112) (86,93,101) (103,107,116) (114,118,127) 
(96,105,112) (93,104,110) (95,104,111) (89,98,105) (96,103,111) (85,92,100) (107,111,120) (112,116,125) 
(91,100,107) (89,100,106) (93,102,109) (90,99,106) (93,100,108) (83,90,98) (110,114,123) (112,116,125) 
(87,96,103) (95,106,112) (90,99,106) (94,103,110) (82,89,97) (87,94,102) (106,110,119) (111,115,124) 
(84,93,100) (90,101,107) (89,98,105) (91,100,107) (85,92,100) (92,99,107) (106,110,119) (111,115,124) 
(86,95,102) (88,99,105) (91,100,107) (91,100,107) (82,89,97) (94,101,109) (106,110,119) (116,120,129) 
(5,14,21) (6,17,23) (12,21,28) (10,19,26) (3,10,18) (10,17,25) (10,14,23) (13,17,26) 

temp
(90,101,107) (93,102,109) (85,94,101) (95,102,110) (116,123,131) (116,124,135) (121,129,140) (130,140,150) 
(92,103,109) (92,101,108) (85,94,101) (99,106,114) (114,121,129) (114,122,133) (122,130,141) (128,138,148) 
(87,98,104) (92,101,108) (84,93,100) (103,110,118) (111,118,126) (113,122,131) (124,132,143) (126,136,145) 
(89,100,106) (91,100,107) (84,93,100) (105,112,120) (109,116,124) (112,121,130) (125,134,143) (125,135,144) 
(93,104,110) (82,91,98) (90,99,106) (101,108,116) (115,122,130) (112,121,130) (124,133,142) (131,142,148) 
(90,101,107) (83,92,99) (90,99,106) (98,105,113) (111,118,126) (117,126,133) (124,133,140) (133,144,150) 
(90,101,107) (83,92,99) (91,100,107) (101,108,116) (115,122,130) (120,129,136) (123,132,139) (132,143,147) 
(9,20,26) (9,18,25) (10,19,26) (9,16,24) (14,21,29) (7,16,21) (6,15,20) (16,27,31) 

x y total min 168, 136, 88.000000, 1.000000
block
(117,122,128) (122,127,131) (130,137,143) (130,137,145) (139,148,157) (138,148,160) (138,147,162) (138,147,162) 
(115,123,126) (122,132,134) (129,138,143) (131,142,148) (137,147,156) (135,148,157) (135,147,159) (135,147,161) 
(114,124,126) (124,135,137) (126,140,143) (132,145,151) (133,148,155) (133,147,156) (131,148,158) (131,148,158) 
(113,124,126) (124,138,138) (125,141,141) (133,148,151) (131,149,153) (130,149,155) (130,149,156) (130,148,158) 
(111,123,123) (121,135,135) (129,143,143) (130,146,146) (129,144,149) (127,144,151) (127,146,153) (128,147,154) 
(117,127,128) (123,135,133) (133,145,145) (127,141,142) (133,147,150) (133,148,153) (133,148,155) (134,148,157) 
(121,130,129) (124,133,132) (133,143,142) (124,134,135) (132,143,147) (132,143,149) (131,144,152) (132,145,153) 
(10,16,16) (9,15,13) (18,27,26) (6,14,16) (8,17,22) (8,19,25) (9,19,28) (9,19,28) 

temp
(130,140,149) (136,149,157) (135,150,155) (135,150,155) (135,150,155) (139,148,157) (143,149,161) (138,146,157) 
(132,142,151) (135,148,156) (134,149,154) (134,149,152) (134,149,152) (137,150,158) (140,153,162) (135,148,157) 
(133,143,152) (134,147,153) (133,148,151) (133,148,151) (133,148,151) (136,155,161) (136,155,162) (134,153,160) 
(134,145,151) (134,147,153) (133,148,151) (133,149,149) (133,149,149) (138,159,164) (133,156,162) (137,157,164) 
(133,144,148) (130,144,147) (129,145,145) (130,146,146) (131,147,147) (130,149,155) (136,155,162) (135,152,160) 
(129,140,144) (133,147,148) (133,149,149) (133,149,148) (134,150,149) (142,155,163) (138,151,160) (138,148,158) 
(123,134,136) (130,144,145) (129,145,144) (130,146,145) (131,147,146) (132,139,149) (137,141,153) (140,144,156) 
(4,15,17) (5,19,20) (5,21,20) (6,22,21) (6,22,19) (2,4,16) (9,8,22) (19,21,34) 

x y total min 176, 136, 412.000000, 2.000000
block
(144,152,165) (140,146,158) (138,144,156) (157,163,175) (108,114,126) (111,117,129) (112,118,130) (108,114,126) 
(141,149,160) (144,150,162) (138,144,156) (145,151,163) (111,117,129) (111,117,129) (108,114,126) (105,111,123) 
(139,149,159) (146,154,165) (142,150,161) (121,129,140) (114,122,133) (109,117,128) (103,111,122) (101,109,120) 
(140,150,159) (147,156,165) (146,155,164) (104,113,122) (117,126,135) (108,117,126) (100,109,118) (99,108,117) 
(134,147,155) (142,153,159) (141,152,158) (109,120,126) (106,117,123) (106,117,123) (100,111,117) (97,108,114) 
(142,155,161) (141,152,158) (139,150,156) (99,110,116) (102,113,119) (102,113,119) (97,108,114) (94,105,111) 
(127,140,146) (129,143,146) (133,147,150) (97,111,114) (100,114,117) (101,115,118) (96,110,113) (94,108,111) 
(0,9,15) (1,15,18) (13,27,30) (6,20,23) (9,23,26) (10,24,27) (6,20,23) (5,19,22) 

temp
(153,163,173) (104,117,126) (106,120,129) (105,122,130) (101,118,126) (98,110,124) (99,111,127) (89,101,115) 
(140,153,162) (107,120,129) (106,120,129) (103,117,126) (100,114,123) (99,111,125) (96,108,122) (89,101,115) 
(116,133,141) (110,124,133) (105,119,128) (100,113,122) (98,111,120) (102,111,126) (96,105,120) (92,101,116) 
(98,117,124) (113,127,136) (105,118,127) (97,110,119) (98,108,118) (102,112,124) (94,104,116) (92,102,114) 
(104,121,129) (103,117,126) (104,117,126) (100,110,120) (98,106,117) (96,104,117) (89,97,110) (88,96,107) 
(98,108,118) (102,112,122) (102,112,122) (97,107,117) (95,103,114) (94,102,113) (92,100,111) (83,91,102) 
(102,108,120) (104,110,122) (104,112,123) (98,108,118) (96,106,116) (98,104,116) (92,98,110) (83,90,100) 
(11,15,27) (13,19,31) (13,21,32) (8,18,28) (7,17,27) (20,26,38) (12,18,30) (16,23,33) 

x y total min 184, 136, 226.000000, 226.000000
block
(101,109,122) (101,110,125) (91,101,113) (86,96,106) (86,96,106) (50,60,69) (79,89,98) (74,84,93) 
(101,111,123) (98,108,120) (91,101,113) (86,96,106) (74,84,94) (55,65,74) (89,99,108) (73,84,90) 
(102,112,124) (96,106,118) (92,102,112) (86,96,106) (60,70,79) (73,83,92) (91,102,108) (74,85,91) 
(102,112,122) (94,104,114) (92,102,112) (85,95,104) (52,62,71) (89,100,106) (88,99,105) (74,85,89) 
(95,105,114) (88,98,108) (87,97,106) (80,90,99) (46,57,63) (85,96,100) (87,98,102) (67,78,82) 
(93,103,112) (91,101,110) (82,92,101) (70,81,87) (55,66,70) (81,92,96) (78,89,91) (63,74,76) 
(96,106,115) (90,100,109) (81,92,98) (69,80,86) (65,76,80) (81,92,94) (74,85,87) (55,66,68) 
(18,28,37) (10,21,27) (14,25,31) (11,22,26) (7,18,22) (6,17,19) (2,13,15) (12,23,25) 

temp
(101,118,126) (98,110,124) (99,111,127) (89,101,115) (84,96,110) (82,94,106) (44,57,66) (79,92,101) 
(100,114,123) (99,111,125) (96,108,122) (89,101,115) (84,96,108) (75,87,99) (61,74,83) (84,97,106) 
(98,111,120) (102,111,126) (96,105,120) (92,101,116) (86,96,108) (61,71,81) (77,87,97) (90,100,109) 
(98,108,118) (102,112,124) (94,104,116) (92,102,114) (85,95,105) (49,59,69) (82,92,101) (91,101,110) 
(98,106,117) (96,104,117) (89,97,110) (88,96,107) (81,89,100) (47,56,65) (88,97,106) (93,102,109) 
(95,103,114) (94,102,113) (92,100,111) (83,91,102) (71,80,89) (68,77,86) (91,100,107) (84,93,100) 
(96,106,116) (98,104,116) (92,98,110) (83,90,100) (71,78,88) (74,81,89) (89,96,104) (81,88,94) 
(7,17,27) (20,26,38) (12,18,30) (16,23,33) (13,20,28) (11,18,26) (10,17,23) (5,12,18) 

Created an empty image with size 192x144
Writing the Image buffer into redBlocks.ppm...
Wrote into redBlocks.ppm Successfully.
Reading IDB/Walk_005.ppm...
Read IDB/Walk_005.ppm Successfully.
Created an image from IDB/Walk_005.ppm with size 192x144
Created an empty image with size 192x144
Writing the Image buffer into fifthFrameReplacement.ppm...
Wrote into fifthFrameReplacement.ppm Successfully.
Created an empty image with size 192x144
Writing the Image buffer into staticFrameReplacement.ppm...
Wrote into staticFrameReplacement.ppm Successfully.
Writing mv.txt file
rmo_mv.txt written
